6 0.253226 0.687117 0.235484 0.576687
6 0.779032 0.653374 0.209677 0.276074
6 0.885484 0.404908 0.151613 0.134969
6 0.503226 0.481595 0.167742 0.386503
6 0.637097 0.331288 0.132258 0.257669
6 0.729032 0.288344 0.083871 0.269939
6 0.814516 0.196319 0.100000 0.171779
6 0.108065 0.420245 0.087097 0.202454
6 0.029032 0.211656 0.051613 0.079755
6 0.074194 0.144172 0.038710 0.055215
6 0.180645 0.171779 0.058065 0.049080
6 0.187097 0.248466 0.077419 0.092025
6 0.333871 0.297546 0.087097 0.104294
6 0.441935 0.153374 0.051613 0.073620
6 0.493548 0.214724 0.070968 0.085890
6 0.522581 0.125767 0.051613 0.067485
6 0.398387 0.116564 0.048387 0.061350
6 0.316129 0.128834 0.038710 0.049080
6 0.338710 0.190184 0.058065 0.073620
6 0.285484 0.107362 0.041935 0.055215
6 0.188710 0.119632 0.041935 0.055215
